repo,month,offset,period,sha,commit_date,carried,sonar_server,sonar_project,sonar_ncloc,sonar_files,sonar_functions,sonar_statements,sonar_classes,sonar_complexity,sonar_cognitive_complexity,sonar_code_smells,sonar_sqale_index,sonar_sqale_debt_ratio,sonar_bugs,sonar_vulnerabilities,sonar_security_hotspots,sonar_violations,sonar_blocker_violations,sonar_critical_violations,sonar_major_violations,sonar_minor_violations,sonar_info_violations,sonar_duplicated_lines_density,sonar_comment_lines_density,codeql_status,codeql_db_seconds,codeql_analyze_seconds,codeql_loc,codeql_loc_user,codeql_baseline_loc,codeql_py_files,codeql_extracted_files,codeql_extractor_diagnostics,codeql_eval_errors,codeql_pack_version,codeql_results,codeql_path_problems,codeql_rules_fired,codeql_sev_critical,codeql_sev_high,codeql_sev_medium,codeql_sev_low,codeql_cwes,lint_status,lint_seconds,lint_py_files,lint_loc,lint_sloc,lint_lloc,lint_comments,lint_blank,lint_bandit_findings,lint_bandit_sev_high,lint_bandit_sev_medium,lint_bandit_sev_low,lint_bandit_conf_high,lint_bandit_conf_medium,lint_bandit_conf_low,lint_bandit_loc,lint_bandit_nosec,lint_bandit_skipped,lint_bandit_cwes,lint_bandit_tests,lint_bandit_errors,lint_radon_blocks,lint_radon_cc_total,lint_radon_cc_mean,lint_radon_cc_max,lint_radon_mi_mean,lint_radon_mi_min,lint_radon_errors,lint_lizard_functions,lint_lizard_nloc,lint_lizard_ccn_total,lint_lizard_ccn_mean,lint_lizard_ccn_max,lint_lizard_token_total,lint_lizard_params_mean,lint_lizard_warnings,lint_complexipy_functions,lint_complexipy_total,lint_complexipy_mean,lint_complexipy_max,lint_tool_errors,lint_versions,act_commits,act_merges,act_reverts,act_bot_commits,act_marker_commits,act_agent_file_commits,act_authors,act_files,act_insertions,act_deletions,act_scope_files,act_scope_insertions,act_scope_deletions
microsoft/autogen,2023-11,-12,pre,ba5a07a945c7d2928ca176f1900352059c16457b,2023-11-30T18:31:08Z,0,sq-c,ba_microsoft_autogen__2023-11,7171,61,308,4692,36,1368,1992,132,1200,0.6,9,9,0,150,3,63,48,27,9,2.6,28.9,ok,8.9,15.2,9290,9290,7079,90,61,0,0,1.8.8+44a68d3a47fcbcd6a6a76ec7d1c1b3a1a28b201e,8,8,4,0,3,5,0,"{""CWE-117"": 1, ""CWE-209"": 4, ""CWE-312"": 2, ""CWE-327"": 1, ""CWE-328"": 1, ""CWE-359"": 2, ""CWE-497"": 4, ""CWE-532"": 2, ""CWE-916"": 1}",ok,1.1,61,11162,7129,5218,715,1441,14,3,5,6,12,0,2,9074,0,0,"{""CWE-327"": 3, ""CWE-330"": 1, ""CWE-502"": 2, ""CWE-78"": 6, ""CWE-89"": 2}","{""B301"": 1, ""B307"": 2, ""B311"": 1, ""B324"": 3, ""B403"": 1, ""B404"": 3, ""B607"": 1, ""B608"": 2}",0,340,1661,4.885,46,73.975,8.661,0,308,5436,1532,4.974,46,38338,2.883,13,299,2051,6.86,108,,complexipy==7.0.1 radon==6.0.1 lizard==1.24.0 bandit==1.9.4,100,0,0,0,0,0,39,517,25093,8257,123,5242,473
microsoft/autogen,2023-12,-11,pre,c80df8acab49ee933f58bb9189a10d1bf64d72ae,2023-12-31T19:37:21Z,0,sq-b,ba_microsoft_autogen__2023-12,9196,73,408,5897,41,1690,2404,150,1431,0.5,7,11,0,168,3,69,51,35,10,2.4,29.1,ok,7.7,14.9,11992,11992,9122,111,73,0,0,1.8.8+44a68d3a47fcbcd6a6a76ec7d1c1b3a1a28b201e,22,22,5,0,4,18,0,"{""CWE-117"": 1, ""CWE-209"": 17, ""CWE-312"": 3, ""CWE-315"": 1, ""CWE-327"": 1, ""CWE-328"": 1, ""CWE-359"": 3, ""CWE-497"": 17, ""CWE-532"": 2, ""CWE-916"": 1}",ok,1.2,73,14495,9133,6655,871,2051,20,3,8,9,15,0,5,11602,0,0,"{""CWE-327"": 3, ""CWE-330"": 1, ""CWE-502"": 2, ""CWE-78"": 9, ""CWE-89"": 5}","{""B301"": 1, ""B307"": 2, ""B311"": 1, ""B324"": 3, ""B403"": 1, ""B404"": 5, ""B607"": 2, ""B608"": 5}",0,435,2031,4.669,46,72.223,8.661,0,408,6840,1885,4.62,46,48434,2.667,16,383,2448,6.392,108,,complexipy==7.0.1 radon==6.0.1 lizard==1.24.0 bandit==1.9.4,87,0,0,0,0,0,41,434,18801,3483,129,4744,1411
microsoft/autogen,2024-01,-10,pre,2bc55b2f79db827f6d81221db04fbb9ef2bc6a59,2024-01-31T22:11:47Z,0,sq-c,ba_microsoft_autogen__2024-01,11225,91,528,7232,53,2097,2906,167,1727,0.5,8,13,0,188,3,79,54,43,9,2.0,29.2,ok,7.3,15.1,14675,14675,11144,141,91,0,0,1.8.8+44a68d3a47fcbcd6a6a76ec7d1c1b3a1a28b201e,25,25,4,0,4,21,0,"{""CWE-117"": 1, ""CWE-209"": 20, ""CWE-312"": 3, ""CWE-327"": 1, ""CWE-328"": 1, ""CWE-359"": 3, ""CWE-497"": 20, ""CWE-532"": 3, ""CWE-916"": 1}",ok,1.4,91,17759,11157,8166,1033,2598,20,3,7,10,16,0,4,14185,0,0,"{""CWE-327"": 3, ""CWE-330"": 2, ""CWE-494"": 1, ""CWE-502"": 4, ""CWE-78"": 6, ""CWE-89"": 4}","{""B301"": 2, ""B311"": 2, ""B324"": 3, ""B403"": 2, ""B404"": 4, ""B607"": 2, ""B608"": 4, ""B615"": 1}",0,557,2544,4.567,46,72.727,0.0,0,528,8851,2369,4.487,46,61666,2.566,23,493,3048,6.183,108,,complexipy==7.0.1 radon==6.0.1 lizard==1.24.0 bandit==1.9.4,104,0,0,1,0,0,42,617,32988,13384,143,5601,2337
microsoft/autogen,2024-02,-9,pre,f6c9b13ac4b80ef1237d82136d7e20fd58c68166,2024-02-29T20:47:30Z,0,sq-a,ba_microsoft_autogen__2024-02,14185,116,726,9312,95,2710,3633,221,2148,0.5,12,16,0,249,6,99,72,56,16,1.7,28.5,ok,8.1,15.9,18363,18363,14038,178,116,0,0,1.8.8+44a68d3a47fcbcd6a6a76ec7d1c1b3a1a28b201e,28,28,5,0,4,24,0,"{""CWE-117"": 1, ""CWE-200"": 1, ""CWE-209"": 22, ""CWE-312"": 3, ""CWE-327"": 1, ""CWE-328"": 1, ""CWE-359"": 3, ""CWE-497"": 22, ""CWE-532"": 3, ""CWE-916"": 1}",ok,1.6,116,22375,14090,10510,1282,3396,24,3,7,14,20,0,4,17781,0,0,"{""CWE-327"": 3, ""CWE-330"": 2, ""CWE-494"": 1, ""CWE-502"": 4, ""CWE-78"": 10, ""CWE-89"": 4}","{""B301"": 2, ""B311"": 2, ""B324"": 3, ""B403"": 2, ""B404"": 6, ""B607"": 4, ""B608"": 4, ""B615"": 1}",0,774,3311,4.278,46,72.252,0.0,0,726,11122,3067,4.225,46,77913,2.409,29,676,3794,5.612,108,,complexipy==7.0.1 radon==6.0.1 lizard==1.24.0 bandit==1.9.4,135,1,0,0,0,0,40,799,29906,12728,176,6067,1451
microsoft/autogen,2024-03,-8,pre,474686031eacb71ae7c3530aba503800ca8ebdbb,2024-03-31T23:19:22Z,0,sq-c,ba_microsoft_autogen__2024-03,17933,170,992,12112,149,3343,4294,271,2408,0.4,10,21,0,302,3,111,100,67,21,1.4,27.4,ok,9.0,16.7,22976,22920,17790,244,172,0,0,1.8.8+44a68d3a47fcbcd6a6a76ec7d1c1b3a1a28b201e,28,28,4,0,4,24,0,"{""CWE-117"": 1, ""CWE-209"": 23, ""CWE-312"": 3, ""CWE-327"": 1, ""CWE-328"": 1, ""CWE-359"": 3, ""CWE-497"": 23, ""CWE-532"": 3, ""CWE-916"": 1}",ok,2.0,170,28049,17838,13679,1533,4347,30,5,7,18,26,0,4,22289,0,0,"{""CWE-327"": 5, ""CWE-330"": 3, ""CWE-494"": 1, ""CWE-502"": 4, ""CWE-78"": 13, ""CWE-89"": 4}","{""B301"": 2, ""B311"": 3, ""B324"": 5, ""B403"": 2, ""B404"": 8, ""B607"": 5, ""B608"": 4, ""B615"": 1}",0,1098,4173,3.801,46,74.072,0.0,0,990,14153,3782,3.82,46,99567,2.385,30,950,4457,4.692,108,,complexipy==7.0.1 radon==6.0.1 lizard==1.24.0 bandit==1.9.4,176,0,1,3,0,0,47,913,36133,12731,239,7533,1859
microsoft/autogen,2024-04,-7,pre,d7dda9be09b5ab631ca84fa6adf27b3277dcb686,2024-04-30T21:08:47Z,0,sq-b,ba_microsoft_autogen__2024-04,20183,184,1125,13597,163,3748,4779,312,2649,0.4,15,19,0,346,3,121,126,75,21,1.7,28.3,ok,9.0,18.3,26178,26116,18723,266,186,0,0,1.8.8+44a68d3a47fcbcd6a6a76ec7d1c1b3a1a28b201e,29,29,4,0,5,24,0,"{""CWE-117"": 1, ""CWE-209"": 23, ""CWE-312"": 4, ""CWE-327"": 1, ""CWE-328"": 1, ""CWE-359"": 4, ""CWE-497"": 23, ""CWE-532"": 4, ""CWE-916"": 1}",ok,2.3,184,32000,20090,15342,1727,5012,45,5,18,22,31,1,13,25407,0,0,"{""CWE-327"": 5, ""CWE-330"": 4, ""CWE-494"": 1, ""CWE-502"": 6, ""CWE-78"": 15, ""CWE-89"": 14}","{""B301"": 3, ""B311"": 4, ""B324"": 5, ""B403"": 3, ""B404"": 9, ""B607"": 6, ""B608"": 14, ""B615"": 1}",0,1242,4712,3.794,46,73.605,0.0,0,1123,16088,4274,3.806,46,113367,2.478,32,1080,4987,4.618,108,,complexipy==7.0.1 radon==6.0.1 lizard==1.24.0 bandit==1.9.4,116,0,0,0,0,0,46,930,39630,10177,235,4952,1001
microsoft/autogen,2024-05,-6,pre,6e8331b754095d7fb70ab5e08fc0e356e848acf4,2024-05-31T20:58:15Z,0,sq-b,ba_microsoft_autogen__2024-05,21257,198,1165,14245,181,3914,5045,341,2956,0.5,16,19,0,376,6,125,137,88,20,2.1,27.7,ok,9.3,18.5,27331,27269,19762,287,200,0,0,1.8.8+44a68d3a47fcbcd6a6a76ec7d1c1b3a1a28b201e,13,13,3,0,6,7,0,"{""CWE-209"": 7, ""CWE-312"": 5, ""CWE-327"": 1, ""CWE-328"": 1, ""CWE-359"": 5, ""CWE-497"": 7, ""CWE-532"": 5, ""CWE-916"": 1}",ok,2.4,198,33423,21171,16048,1784,5188,43,5,16,22,31,1,11,26614,0,0,"{""CWE-327"": 5, ""CWE-330"": 4, ""CWE-494"": 1, ""CWE-502"": 6, ""CWE-78"": 15, ""CWE-89"": 12}","{""B301"": 3, ""B311"": 4, ""B324"": 5, ""B403"": 3, ""B404"": 9, ""B607"": 6, ""B608"": 12, ""B615"": 1}",0,1298,4916,3.787,46,74.581,0.0,0,1163,16941,4466,3.84,46,118654,2.538,35,1118,5251,4.697,108,,complexipy==7.0.1 radon==6.0.1 lizard==1.24.0 bandit==1.9.4,146,1,0,1,0,0,51,994,48674,14505,272,8561,3452
microsoft/autogen,2024-06,-5,pre,80ecbf900ca9c2bc7db519702ae132ec6b6c6a3f,2024-06-30T23:21:34Z,0,sq-a,ba_microsoft_autogen__2024-06,22450,204,1212,15036,185,4154,5463,389,3775,0.6,17,17,0,423,6,165,141,90,21,2.0,27.6,ok,9.2,18.6,28666,28604,20950,299,206,0,0,1.8.8+44a68d3a47fcbcd6a6a76ec7d1c1b3a1a28b201e,13,13,3,0,6,7,0,"{""CWE-209"": 7, ""CWE-312"": 5, ""CWE-327"": 1, ""CWE-328"": 1, ""CWE-359"": 5, ""CWE-497"": 7, ""CWE-532"": 5, ""CWE-916"": 1}",ok,2.5,204,35247,22354,16935,1910,5475,42,5,16,21,30,1,11,28037,0,0,"{""CWE-327"": 5, ""CWE-330"": 4, ""CWE-494"": 1, ""CWE-502"": 6, ""CWE-78"": 14, ""CWE-89"": 12}","{""B301"": 3, ""B311"": 4, ""B324"": 5, ""B403"": 3, ""B404"": 9, ""B607"": 5, ""B608"": 12, ""B615"": 1}",0,1346,5212,3.872,46,74.039,0.0,0,1210,17881,4734,3.912,46,125562,2.528,40,1162,5653,4.865,108,,complexipy==7.0.1 radon==6.0.1 lizard==1.24.0 bandit==1.9.4,160,3,0,2,0,0,41,1391,39451,13338,458,7002,4162
microsoft/autogen,2024-07,-4,pre,a246a79cdae3e282594b057bb0923932716ec47e,2024-07-30T13:57:32Z,0,sq-c,ba_microsoft_autogen__2024-07,23391,207,1268,15659,192,4337,5714,407,4060,0.6,17,20,0,444,6,177,146,92,23,1.9,27.8,ok,9.9,18.5,29917,29855,21897,305,209,0,0,1.8.8+44a68d3a47fcbcd6a6a76ec7d1c1b3a1a28b201e,13,13,3,0,6,7,0,"{""CWE-209"": 7, ""CWE-312"": 5, ""CWE-327"": 1, ""CWE-328"": 1, ""CWE-359"": 5, ""CWE-497"": 7, ""CWE-532"": 5, ""CWE-916"": 1}",ok,2.6,207,36828,23303,17624,2000,5718,45,6,16,23,33,1,11,29291,0,0,"{""CWE-327"": 6, ""CWE-330"": 6, ""CWE-494"": 1, ""CWE-502"": 6, ""CWE-78"": 14, ""CWE-89"": 12}","{""B301"": 3, ""B311"": 6, ""B324"": 6, ""B403"": 3, ""B404"": 9, ""B607"": 5, ""B608"": 12, ""B615"": 1}",0,1409,5465,3.879,46,73.678,0.0,0,1266,18715,4957,3.915,46,131536,2.548,42,1218,5922,4.862,108,,complexipy==7.0.1 radon==6.0.1 lizard==1.24.0 bandit==1.9.4,138,0,0,0,0,0,43,938,28018,20983,309,16861,2000
microsoft/autogen,2024-08,-3,pre,45775249943600cdf5fb316875636414c6d80324,2024-08-30T20:30:27Z,0,sq-b,ba_microsoft_autogen__2024-08,24258,210,1314,16160,199,4490,5938,437,4269,0.6,18,20,0,475,6,184,165,95,25,2.2,27.6,ok,9.8,19.1,30919,30857,22739,309,212,0,0,1.8.8+44a68d3a47fcbcd6a6a76ec7d1c1b3a1a28b201e,17,17,4,0,6,11,0,"{""CWE-117"": 3, ""CWE-209"": 8, ""CWE-312"": 5, ""CWE-327"": 1, ""CWE-328"": 1, ""CWE-359"": 5, ""CWE-497"": 8, ""CWE-532"": 5, ""CWE-916"": 1}",ok,2.7,210,38113,24159,18258,2060,5921,45,6,16,23,33,1,11,30308,0,0,"{""CWE-327"": 6, ""CWE-330"": 6, ""CWE-494"": 1, ""CWE-502"": 6, ""CWE-78"": 14, ""CWE-89"": 12}","{""B301"": 3, ""B311"": 6, ""B324"": 6, ""B403"": 3, ""B404"": 9, ""B607"": 5, ""B608"": 12, ""B615"": 1}",0,1461,5659,3.873,46,73.792,0.0,0,1312,19456,5128,3.909,46,136343,2.537,43,1263,6148,4.868,108,,complexipy==7.0.1 radon==6.0.1 lizard==1.24.0 bandit==1.9.4,144,0,1,0,0,0,43,1548,38054,21903,733,6123,6436
microsoft/autogen,2024-09,-2,pre,3fdf8dea2205af1fda8d74bfbc51b51ea005faec,2024-09-30T21:14:55Z,0,sq-c,ba_microsoft_autogen__2024-09,26529,226,1441,17810,234,4924,6567,494,4891,0.6,19,21,0,534,8,213,177,108,28,2.7,27.3,ok,10.3,19.7,33612,33550,24726,331,228,0,0,1.8.8+44a68d3a47fcbcd6a6a76ec7d1c1b3a1a28b201e,18,18,4,0,7,11,0,"{""CWE-117"": 3, ""CWE-209"": 8, ""CWE-312"": 6, ""CWE-327"": 1, ""CWE-328"": 1, ""CWE-359"": 6, ""CWE-497"": 8, ""CWE-532"": 6, ""CWE-916"": 1}",ok,2.9,226,41549,26436,20063,2264,6471,47,6,17,24,34,1,12,33003,0,0,"{""CWE-327"": 6, ""CWE-330"": 6, ""CWE-494"": 1, ""CWE-502"": 6, ""CWE-78"": 15, ""CWE-89"": 13}","{""B301"": 3, ""B311"": 6, ""B324"": 6, ""B403"": 3, ""B404"": 10, ""B607"": 5, ""B608"": 13, ""B615"": 1}",0,1618,6293,3.889,46,74.151,0.0,0,1437,21453,5617,3.909,46,149835,2.564,46,1386,6769,4.884,108,,complexipy==7.0.1 radon==6.0.1 lizard==1.24.0 bandit==1.9.4,183,1,0,3,0,0,52,1528,32765,17412,308,8779,5264
microsoft/autogen,2024-10,-1,pre,4023454c584029ed9984c44fea4fbe5dc4d31e74,2024-10-31T04:54:24-07:00,0,sq-c,ba_microsoft_autogen__2024-10,19310,221,1177,12071,319,3149,3802,386,2592,0.4,33,16,0,435,3,107,129,101,95,11.4,16.8,ok,10.3,16.0,21629,21456,18893,273,223,0,0,1.8.8+44a68d3a47fcbcd6a6a76ec7d1c1b3a1a28b201e,8,8,1,0,0,8,0,"{""CWE-209"": 8, ""CWE-497"": 8}",ok,2.1,221,27358,19246,14495,1516,4783,13,1,6,6,11,0,2,21258,0,0,"{""CWE-327"": 1, ""CWE-330"": 3, ""CWE-494"": 2, ""CWE-78"": 5, ""CWE-89"": 2}","{""B307"": 2, ""B311"": 3, ""B324"": 1, ""B404"": 2, ""B607"": 1, ""B608"": 2, ""B615"": 2}",0,1452,4413,3.039,47,76.962,10.909,0,1133,14400,3609,3.185,47,102416,2.202,26,1133,3918,3.458,107,,complexipy==7.0.1 radon==6.0.1 lizard==1.24.0 bandit==1.9.4,159,5,0,0,0,0,35,1929,31431,17043,334,9698,2914
microsoft/autogen,2024-11,0,m0,ac3424d619a8c710a142d0ad68dff23a22060126,2024-11-30T14:11:20-08:00,0,sq-b,ba_microsoft_autogen__2024-11,22027,257,1372,14111,350,3618,4173,492,3053,0.5,34,24,0,550,4,124,178,145,99,4.9,19.6,ok,11.1,16.0,25513,25312,21605,316,260,0,0,1.8.8+44a68d3a47fcbcd6a6a76ec7d1c1b3a1a28b201e,13,13,2,0,2,11,0,"{""CWE-117"": 11, ""CWE-22"": 2, ""CWE-23"": 2, ""CWE-36"": 2, ""CWE-73"": 2, ""CWE-99"": 2}",ok,2.4,257,32226,21937,16893,1842,5842,18,3,6,9,16,0,2,24763,0,0,"{""CWE-327"": 3, ""CWE-330"": 6, ""CWE-494"": 2, ""CWE-78"": 5, ""CWE-89"": 2}","{""B307"": 2, ""B311"": 6, ""B324"": 3, ""B404"": 2, ""B607"": 1, ""B608"": 2, ""B615"": 2}",0,1672,5017,3.001,50,76.934,10.909,0,1325,16174,4140,3.125,50,117856,2.18,29,1325,4253,3.21,107,,complexipy==7.0.1 radon==6.0.1 lizard==1.24.0 bandit==1.9.4,153,0,0,1,1,0,32,1063,47454,27856,350,12950,8082
microsoft/autogen,2024-12,1,post,8a83262a905675f15dfca387ba4a8de7b6cf0635,2024-12-31T15:23:39-05:00,0,sq-b,ba_microsoft_autogen__2024-12,24121,281,1483,15493,418,3909,4493,504,3144,0.4,36,25,0,565,4,133,177,149,102,5.4,21.1,ok,11.1,16.6,28602,28405,23691,346,284,0,0,1.8.8+44a68d3a47fcbcd6a6a76ec7d1c1b3a1a28b201e,13,13,2,0,2,11,0,"{""CWE-117"": 11, ""CWE-22"": 2, ""CWE-23"": 2, ""CWE-36"": 2, ""CWE-73"": 2, ""CWE-99"": 2}",ok,2.6,281,35911,24020,18649,1904,6617,20,3,6,11,18,0,2,27650,0,0,"{""CWE-327"": 3, ""CWE-330"": 6, ""CWE-494"": 2, ""CWE-78"": 7, ""CWE-89"": 2}","{""B307"": 2, ""B311"": 6, ""B324"": 3, ""B404"": 3, ""B607"": 2, ""B608"": 2, ""B615"": 2}",0,1847,5445,2.948,50,76.572,10.909,0,1438,17465,4476,3.113,50,127201,2.148,29,1431,4558,3.185,107,,complexipy==7.0.1 radon==6.0.1 lizard==1.24.0 bandit==1.9.4,155,0,0,1,7,0,30,1734,49640,32604,666,8454,4769
microsoft/autogen,2025-01,2,post,088a50faa5dbf364452ed4489cfaf04c37e9242a,2025-01-31T15:14:40-08:00,0,sq-c,ba_microsoft_autogen__2025-01,21422,269,1435,13736,378,3596,3913,383,2529,0.4,29,19,0,431,2,108,143,103,75,2.0,24.7,ok,11.1,16.2,27035,26608,21274,337,272,0,0,1.8.8+44a68d3a47fcbcd6a6a76ec7d1c1b3a1a28b201e,13,13,2,0,2,11,0,"{""CWE-117"": 11, ""CWE-22"": 2, ""CWE-23"": 2, ""CWE-36"": 2, ""CWE-73"": 2, ""CWE-99"": 2}",ok,2.5,269,33270,21352,16744,1561,6325,17,2,5,10,16,0,1,25546,0,0,"{""CWE-327"": 2, ""CWE-330"": 6, ""CWE-494"": 2, ""CWE-78"": 6, ""CWE-89"": 1}","{""B307"": 2, ""B311"": 6, ""B324"": 2, ""B404"": 2, ""B607"": 2, ""B608"": 1, ""B615"": 2}",0,1756,4804,2.736,52,78.473,12.778,0,1393,15634,4078,2.927,52,111852,2.074,25,1379,4022,2.917,98,,complexipy==7.0.1 radon==6.0.1 lizard==1.24.0 bandit==1.9.4,241,0,0,0,1,0,39,1462,37795,32243,311,6876,9463
microsoft/autogen,2025-02,3,post,07a455f23995c8242f31b44687bb28582462fb53,2025-02-28T10:33:19-05:00,0,sq-b,ba_microsoft_autogen__2025-02,24339,287,1540,15204,416,3988,4528,406,2918,0.4,29,12,0,447,3,112,164,74,94,3.6,26.5,ok,10.9,17.0,31178,30788,24168,374,290,0,0,1.8.8+44a68d3a47fcbcd6a6a76ec7d1c1b3a1a28b201e,13,13,2,0,2,11,0,"{""CWE-117"": 11, ""CWE-22"": 2, ""CWE-23"": 2, ""CWE-36"": 2, ""CWE-73"": 2, ""CWE-99"": 2}",ok,2.9,287,38461,24222,18770,2027,7275,12,1,2,9,11,0,1,29345,0,0,"{""CWE-327"": 1, ""CWE-330"": 5, ""CWE-494"": 1, ""CWE-78"": 4, ""CWE-89"": 1}","{""B311"": 5, ""B324"": 1, ""B404"": 2, ""B607"": 2, ""B608"": 1, ""B615"": 1}",0,1892,5324,2.814,55,78.654,8.573,0,1498,17521,4571,3.051,55,124390,2.065,31,1475,4644,3.148,101,,complexipy==7.0.1 radon==6.0.1 lizard==1.24.0 bandit==1.9.4,159,0,0,0,1,0,36,982,35225,12040,237,8710,3563
microsoft/autogen,2025-03,4,post,20753ad38cdec2469c362dab4e70da7dc9acd809,2025-03-31T07:22:38Z,0,sq-a,ba_microsoft_autogen__2025-03,30397,340,1901,18945,493,4895,5375,451,3229,0.4,34,14,0,499,4,134,183,88,90,2.2,26.6,ok,11.9,17.1,38811,38421,30129,438,343,0,0,1.8.8+44a68d3a47fcbcd6a6a76ec7d1c1b3a1a28b201e,13,13,2,0,2,11,0,"{""CWE-117"": 11, ""CWE-22"": 2, ""CWE-23"": 2, ""CWE-36"": 2, ""CWE-73"": 2, ""CWE-99"": 2}",ok,3.8,340,47989,30209,23280,2573,8850,28,3,5,20,27,0,1,36750,0,0,"{""CWE-20"": 1, ""CWE-327"": 3, ""CWE-330"": 6, ""CWE-494"": 1, ""CWE-502"": 4, ""CWE-78"": 12, ""CWE-89"": 1}","{""B301"": 2, ""B311"": 6, ""B324"": 3, ""B403"": 2, ""B404"": 6, ""B506"": 1, ""B607"": 6, ""B608"": 1, ""B615"": 1}",0,2324,6568,2.826,56,77.802,10.483,0,1857,21830,5583,3.006,56,155296,2.096,36,1830,5474,2.991,101,,complexipy==7.0.1 radon==6.0.1 lizard==1.24.0 bandit==1.9.4,137,0,1,3,1,0,43,784,38226,13591,347,12006,2488
microsoft/autogen,2025-04,5,post,c7757de59eaa6cf3a7cd039ccddcdb7ceadd724f,2025-04-30T11:25:20-07:00,0,sq-b,ba_microsoft_autogen__2025-04,36459,383,2232,22740,611,6015,6850,547,4172,0.4,38,21,0,606,6,170,214,122,94,2.1,28.4,ok,12.5,18.5,47747,47357,36179,492,386,0,0,1.8.8+44a68d3a47fcbcd6a6a76ec7d1c1b3a1a28b201e,14,13,3,0,3,11,0,"{""CWE-117"": 11, ""CWE-22"": 2, ""CWE-23"": 2, ""CWE-36"": 2, ""CWE-73"": 2, ""CWE-732"": 1, ""CWE-99"": 2}",ok,4.8,383,58753,36248,28026,3056,10774,28,3,5,20,27,0,1,45102,0,0,"{""CWE-20"": 1, ""CWE-327"": 3, ""CWE-330"": 6, ""CWE-494"": 1, ""CWE-502"": 4, ""CWE-78"": 12, ""CWE-89"": 1}","{""B301"": 2, ""B311"": 6, ""B324"": 3, ""B403"": 2, ""B404"": 6, ""B506"": 1, ""B607"": 6, ""B608"": 1, ""B615"": 1}",0,2764,8083,2.924,57,76.937,9.764,0,2184,26421,6855,3.139,57,189334,2.173,45,2152,6972,3.24,102,,complexipy==7.0.1 radon==6.0.1 lizard==1.24.0 bandit==1.9.4,106,0,0,0,0,0,40,407,24944,3262,183,12146,1382
microsoft/autogen,2025-05,6,post,c6831751204bc8259cdeb39ec547e2063f5abf6e,2025-05-29T10:36:14-04:00,0,sq-c,ba_microsoft_autogen__2025-05,37328,386,2266,23105,618,6129,6961,560,4257,0.4,40,21,0,621,6,173,222,126,94,2.2,28.3,ok,12.7,18.3,48861,48471,37055,496,389,0,0,1.8.8+44a68d3a47fcbcd6a6a76ec7d1c1b3a1a28b201e,14,13,3,0,3,11,0,"{""CWE-117"": 11, ""CWE-22"": 2, ""CWE-23"": 2, ""CWE-36"": 2, ""CWE-73"": 2, ""CWE-732"": 1, ""CWE-99"": 2}",ok,5.1,386,60036,37139,28483,3153,10915,28,3,5,20,27,0,1,46172,0,0,"{""CWE-20"": 1, ""CWE-327"": 3, ""CWE-330"": 6, ""CWE-494"": 1, ""CWE-502"": 4, ""CWE-78"": 12, ""CWE-89"": 1}","{""B301"": 2, ""B311"": 6, ""B324"": 3, ""B403"": 2, ""B404"": 6, ""B506"": 1, ""B607"": 6, ""B608"": 1, ""B615"": 1}",0,2801,8252,2.946,57,76.788,8.307,0,2220,26923,6992,3.15,57,192862,2.174,45,2182,7069,3.24,102,,complexipy==7.0.1 radon==6.0.1 lizard==1.24.0 bandit==1.9.4,45,0,0,0,1,0,27,130,5372,3362,64,2854,1571
microsoft/autogen,2025-06,7,post,556033b0f0f8f19f130abfaf107a6b039c7b7eda,2025-07-01T08:26:15+09:00,0,sq-c,ba_microsoft_autogen__2025-06,38966,393,2326,24020,645,6407,7399,576,4500,0.4,40,21,0,637,6,181,227,128,95,2.2,28.9,ok,14.4,18.4,51400,51010,38669,507,396,0,0,1.8.8+44a68d3a47fcbcd6a6a76ec7d1c1b3a1a28b201e,14,13,3,0,3,11,0,"{""CWE-117"": 11, ""CWE-22"": 2, ""CWE-23"": 2, ""CWE-36"": 2, ""CWE-73"": 2, ""CWE-732"": 1, ""CWE-99"": 2}",ok,5.3,393,63018,38749,29719,3304,11406,27,3,4,20,26,0,1,48517,0,0,"{""CWE-327"": 3, ""CWE-330"": 6, ""CWE-494"": 1, ""CWE-502"": 4, ""CWE-78"": 12, ""CWE-89"": 1}","{""B301"": 2, ""B311"": 6, ""B324"": 3, ""B403"": 2, ""B404"": 6, ""B607"": 6, ""B608"": 1, ""B615"": 1}",0,2886,8649,2.997,68,76.643,6.134,0,2279,28196,7314,3.209,68,201599,2.205,47,2240,7520,3.357,126,,complexipy==7.0.1 radon==6.0.1 lizard==1.24.0 bandit==1.9.4,36,0,0,0,2,0,17,156,16448,7155,82,3466,520
microsoft/autogen,2025-07,8,post,ca3d693b19e4a3f99d12519a80747f9bba81eead,2025-07-29T15:31:42-07:00,0,sq-a,ba_microsoft_autogen__2025-07,40965,404,2404,25255,662,6735,7985,594,4837,0.4,41,23,0,658,6,195,234,130,93,2.2,28.9,ok,13.3,18.8,53972,53582,40671,537,407,0,0,1.8.8+44a68d3a47fcbcd6a6a76ec7d1c1b3a1a28b201e,14,13,3,0,3,11,0,"{""CWE-117"": 11, ""CWE-22"": 2, ""CWE-23"": 2, ""CWE-36"": 2, ""CWE-73"": 2, ""CWE-732"": 1, ""CWE-99"": 2}",ok,5.5,404,66255,40751,31240,3545,11961,31,3,5,23,29,0,2,51005,0,0,"{""CWE-327"": 3, ""CWE-330"": 6, ""CWE-494"": 1, ""CWE-502"": 4, ""CWE-78"": 15, ""CWE-89"": 2}","{""B301"": 2, ""B311"": 6, ""B324"": 3, ""B403"": 2, ""B404"": 7, ""B607"": 8, ""B608"": 2, ""B615"": 1}",0,2975,9083,3.053,68,76.095,6.036,0,2357,29873,7740,3.284,68,212413,2.199,51,2312,8089,3.499,130,,complexipy==7.0.1 radon==6.0.1 lizard==1.24.0 bandit==1.9.4,50,0,0,0,10,0,17,532,29010,5888,114,4904,1631
microsoft/autogen,2025-08,9,post,31078550445f1e6f09adb40f96ee85d68a963f8c,2025-08-31T08:49:05-10:00,0,sq-a,ba_microsoft_autogen__2025-08,40887,404,2400,25187,663,6693,7930,593,4761,0.4,41,23,0,657,6,196,233,129,93,2.2,29.3,ok,14.1,18.3,54108,53718,40593,538,407,0,0,1.8.8+44a68d3a47fcbcd6a6a76ec7d1c1b3a1a28b201e,14,13,3,0,3,11,0,"{""CWE-117"": 11, ""CWE-22"": 2, ""CWE-23"": 2, ""CWE-36"": 2, ""CWE-73"": 2, ""CWE-732"": 1, ""CWE-99"": 2}",ok,5.6,404,66387,40673,31170,3554,11993,31,3,5,23,29,0,2,51071,0,0,"{""CWE-327"": 3, ""CWE-330"": 6, ""CWE-494"": 1, ""CWE-502"": 4, ""CWE-78"": 15, ""CWE-89"": 2}","{""B301"": 2, ""B311"": 6, ""B324"": 3, ""B403"": 2, ""B404"": 7, ""B607"": 8, ""B608"": 2, ""B615"": 1}",0,2973,9039,3.04,70,76.1,5.752,0,2353,29750,7699,3.272,70,211641,2.2,50,2309,8039,3.482,133,,complexipy==7.0.1 radon==6.0.1 lizard==1.24.0 bandit==1.9.4,28,0,0,0,2,0,12,78,2829,1037,28,752,620
microsoft/autogen,2025-09,10,post,a2bf5394aed7a8ab10a1671e52f0d2ad400fd5b8,2025-09-29T23:14:21-07:00,0,sq-b,ba_microsoft_autogen__2025-09,41020,405,2402,25288,665,6719,8014,592,4833,0.4,41,23,0,656,6,196,232,129,93,2.2,29.3,ok,13.2,18.7,54261,53871,40720,539,408,0,0,1.8.8+44a68d3a47fcbcd6a6a76ec7d1c1b3a1a28b201e,14,13,3,0,3,11,0,"{""CWE-117"": 11, ""CWE-22"": 2, ""CWE-23"": 2, ""CWE-36"": 2, ""CWE-73"": 2, ""CWE-732"": 1, ""CWE-99"": 2}",ok,5.6,405,66603,40800,31302,3591,12023,32,4,5,23,30,0,2,51226,0,0,"{""CWE-327"": 4, ""CWE-330"": 6, ""CWE-494"": 1, ""CWE-502"": 4, ""CWE-78"": 15, ""CWE-89"": 2}","{""B301"": 2, ""B311"": 6, ""B324"": 4, ""B403"": 2, ""B404"": 7, ""B607"": 8, ""B608"": 2, ""B615"": 1}",0,2977,9086,3.052,78,76.077,2.651,0,2355,29860,7742,3.287,78,212367,2.201,51,2311,8138,3.521,150,,complexipy==7.0.1 radon==6.0.1 lizard==1.24.0 bandit==1.9.4,15,0,0,0,7,1,8,37,3218,97,18,292,76
microsoft/autogen,2025-10,11,post,13e144e5476a76ca0d76bf4f07a6401d133a03ed,2025-10-04T01:06:04Z,0,sq-c,ba_microsoft_autogen__2025-10,41314,410,2431,25475,677,6766,8038,593,4833,0.4,41,23,0,657,6,196,232,129,94,2.1,29.4,ok,13.5,18.9,54749,54359,41017,546,413,0,0,1.8.8+44a68d3a47fcbcd6a6a76ec7d1c1b3a1a28b201e,14,13,3,0,3,11,0,"{""CWE-117"": 11, ""CWE-22"": 2, ""CWE-23"": 2, ""CWE-36"": 2, ""CWE-73"": 2, ""CWE-732"": 1, ""CWE-99"": 2}",ok,5.7,410,67195,41097,31515,3602,12153,32,4,5,23,30,0,2,51669,0,0,"{""CWE-327"": 4, ""CWE-330"": 6, ""CWE-494"": 1, ""CWE-502"": 4, ""CWE-78"": 15, ""CWE-89"": 2}","{""B301"": 2, ""B311"": 6, ""B324"": 4, ""B403"": 2, ""B404"": 7, ""B607"": 8, ""B608"": 2, ""B615"": 1}",0,3018,9158,3.034,78,76.149,2.651,0,2382,30035,7790,3.27,78,213595,2.197,51,2340,8156,3.485,150,,complexipy==7.0.1 radon==6.0.1 lizard==1.24.0 bandit==1.9.4,4,0,0,0,1,0,4,20,2662,1393,11,692,100
microsoft/autogen,2025-11,12,post,13e144e5476a76ca0d76bf4f07a6401d133a03ed,2025-10-04T01:06:04Z,1,sq-c,ba_microsoft_autogen__2025-11,41314,410,2431,25475,677,6766,8038,593,4833,0.4,41,23,0,657,6,196,232,129,94,2.1,29.4,ok,13.5,18.7,54749,54359,41017,546,413,0,0,1.8.8+44a68d3a47fcbcd6a6a76ec7d1c1b3a1a28b201e,14,13,3,0,3,11,0,"{""CWE-117"": 11, ""CWE-22"": 2, ""CWE-23"": 2, ""CWE-36"": 2, ""CWE-73"": 2, ""CWE-732"": 1, ""CWE-99"": 2}",ok,5.7,410,67195,41097,31515,3602,12153,32,4,5,23,30,0,2,51669,0,0,"{""CWE-327"": 4, ""CWE-330"": 6, ""CWE-494"": 1, ""CWE-502"": 4, ""CWE-78"": 15, ""CWE-89"": 2}","{""B301"": 2, ""B311"": 6, ""B324"": 4, ""B403"": 2, ""B404"": 7, ""B607"": 8, ""B608"": 2, ""B615"": 1}",0,3018,9158,3.034,78,76.149,2.651,0,2382,30035,7790,3.27,78,213595,2.197,51,2340,8156,3.485,150,,complexipy==7.0.1 radon==6.0.1 lizard==1.24.0 bandit==1.9.4,0,0,0,0,0,0,0,0,0,0,0,0,0
